0
0
0
0
0
0
125
60
168
162
158
152
141
151
153
155
149
149
151
159
184
0
0
0
0
0
0
0
0
108
115
111
107
94
59
55
83
83
77
84
84
121
0
0
0
0
0
119
124
139
0
0
13
5
48
23
67
70
68
68
0
55
54
40
0
120
112
112
109
117
111
126
113
112
113
114
115
111
111
117
111
117
121
115
121
123
121
118
119
123
121
118
120
118
125
124
131
125
129
129
131
134
129
128
156
155
0
0
0
0
0
0
0
0
0
0
0
0
0
0
0
0
0
0
0
0
0
0
0
0
0
0
0
0
0
0
0
0
0
0
0
0
0
0
0
0
0
0
0
0
0
0
0
0
0
0
0
0
0
0
0
0
0
0
0
0
0
0
0
0
0
0
0
0
0
0
158
172
167
169
169
165
147
132
98
73
0
4
0
48
54
80
61
66
71
105
0
0
0
0
0
0
0
0
0
0
69
0
0
14
4
17
13
20
7
7
14
10
0
0
0
0
9
34
0
0
119
182
29
144
167
0
0
0
64
0
0
24
6
0
0
52
69
94
88
0
0
0
0
0
0
0
0
0
0
0
0
0
0
0
0
0
0
0
0
0
0
0
0
0
0
0
0
0
0
0
0
0
0
0
0
0
0
0
0
0
0
0
0
0
0
0
0
0
0
0
14
179
107
131
151
0
125
126
127
119
123
116
130
124
121
116
116
115
127
127
123
123
132
131
144
139
176
169
170
174
145
211
0
0
0
0
0
0
137
119
175
200
190
150
153
149
156
158
145
0
0
0
0
0
0
85
0
45
0
0
25
36
0
45
0
75
0
60
0
46
4
2
0
0
0
0
0
0
0
0
0
0
0
0
0
0
0
0
0
0
0
0
0
0
0
0
0
0
0
0
0
0
0
0
0
0
0
0
0
69
81
123
130
109
109
115
132
142
147
147
137
133
137
138
142
136
133
133
133
134
129
129
131
143
137
134
133
126
130
129
85
76
99
118
129
122
120
0
0
0
0
0
0
0
0
0
0
0
0
0
0
0
0
0
0
0
0
0
0
0
0
0
0
0
0
0
0
0
0
0
0
0
0
0
0
0
0
0
0
0
0
0
0
0
0
0
0
0
0
0
0
0
0
0
